#usda 1.0
(
    endTimeCode = 456
    startTimeCode = 0
    upAxis = "Z"
)

def Camera "Camera0"
{
    float focalLength = 32
    matrix4d xformOp:transform:anim0.timeSamples = {
        0: ( (0.8910122906971748, 0.45397918215109095, -2.775557561562892e-17, 0), (-0.22699083952859614, 0.4455085956526019, 0.8660238160522781, 0), (0.39315678373478, -0.771637864139049, 0.5000027500226879, 0), (18.319053551835385, -22.46354564624949, 16.481247793530418, 1) ),
        2: ( (0.8910372262851832, 0.45393023820565115, 0.000014716250456597857, 0), (-0.22694748858906827, 0.4454559281065643, 0.8660622688570576, 0), (0.3931252965622054, -0.7716970616487279, 0.49993614216777515, 0), (18.31755725473474, -22.462270391356345, 16.479025266800924, 1) ),
        4: ( (0.8911128985303259, 0.4537816639634676, 0.00005935846802287981, 0), (-0.22681591849217883, 0.4452960345283907, 0.8661789542304984, 0), (0.39302969505042556, -0.7718767019957509, 0.4997339449394375, 0), (18.313015558776844, -22.458399622649384, 16.47227925315209, 1) ),
        6: ( (0.8912406122761554, 0.4535307629046603, 0.00013464301147872448, 0), (-0.22659382157638674, 0.44502596369020875, 0.866375860504556, 0), (0.39286818534087536, -0.7721798616518809, 0.49939248112706885, 0), (18.305347464257412, -22.451864306198665, 16.460889439574053, 1) ),
        8: ( (0.8914216792359372, 0.4531747252289002, 0.00024125068488931037, 0), (-0.2262788493575769, 0.44464260592487576, 0.8666549690215519, 0), (0.39263885712139246, -0.7726096177307444, 0.4989079138161274, 0), (18.29446956503838, -22.442593357133642, 16.444731938657547, 1) ),
        10: ( (0.8916574151924549, 0.452710624646517, 0.0003798216299537027, 0), (-0.2258686148781177, 0.44414268648556066, 0.8670182482822546, 0), (0.39233967776067546, -0.7731690399735036, 0.4982762415378641, 0), (18.28029603787005, -22.43051363054274, 16.42367927273363, 1) ),
        12: ( (0.8919491367315261, 0.45213541548777914, 0.0005509497061871316, 0), (-0.2253606956937875, 0.4435227590290813, 0.8674676472697088, 0), (0.39196848638672166, -0.7738611815338234, 0.4974932938188993, 0), (18.262738645107653, -22.41554992378859, 16.397600377908656, 1) ),
        14: ( (0.89229815745158, 0.45144593022558577, 0.0007551763178083593, 0), (-0.22475263759360967, 0.4427791993189292, 0.8680050878567496, 0), (0.3915229879626878, -0.7746890684224501, 0.49655472725926747, 0), (18.24170675347373, -22.39762499249873, 16.366360631933038, 1) ),
        16: ( (0.8927057835859888, 0.45063887752346266, 0.0009929836450533192, 0), (-0.22404195915908362, 0.4419081992638662, 0.8686324561973994, 0), (0.3910007474267604, -0.7756556874591721, 0.4954560222905299, 0), (18.217107371914963, -22.37665958282998, 16.329821910431956, 1) ),
        17: ( (0.8931733089689059, 0.44971084093979796, 0.0012647872370760704, 0), (-0.22322615728174847, 0.4409057614311436, 0.8693515929944845, 0), (0.3903991839780912, -0.7767639725669847, 0.49419248079184425, 0), (18.18884521204931, -22.352572482985963, 16.28784267669051, 1) ),
        19: ( (0.8937020092692919, 0.44865827844082934, 0.0015709279238368956, 0), (-0.22230271377138333, 0.43976769420019507, 0.8701642825281456, 0), (0.3897155656089568, -0.7780167892303838, 0.4927592247718311, 0), (18.15682277519804, -22.325280597392226, 16.24027811092695, 1) ),
        21: ( (0.8942931354117034, 0.4474775228992597, 0.0019116630056952022, 0), (-0.22126910320133267, 0.43848960775336254, 0.8710722403226844, 0), (0.38894700400437954, -0.7794169169271636, 0.4911511963578756, 0), (18.12094047055115, -22.294699047405548, 16.186980285809774, 1) ),
        23: ( (0.8949479060964884, 0.44616478378265395, 0.0022871566821223155, 0), (-0.22012280215229038, 0.4370669111353187, 0.8720770993227923, 0), (0.38809044995481995, -0.7809670293314624, 0.489363159372522, 0), (18.081096769623706, -22.260741302953008, 16.127798395879626, 1) ),
        25: ( (0.8956674993265006, 0.44471615026611, 0.0026974696854255853, 0), (-0.21886130003112475, 0.4354948106526181, 0.8731803944451149, 0), (0.3871426894555793, -0.7826696720757302, 0.4873897028189762, 0), (18.03718840282546, -22.22331935006319, 16.062579049524267, 1) ),
        27: ( (0.8964530428426577, 0.44312759603711116, 0.0031425480920765914, 0), (-0.21748211165660072, 0.4337683099295614, 0.8743835453679568, 0), (0.3861003406985366, -0.7845272378517032, 0.48522524664453637, 0), (17.989110604683507, -22.182343899862964, 15.991166633220304, 1) ),
        29: ( (0.8973056033670035, 0.44139498609694433, 0.0036222112936952766, 0), (-0.215982791818709, 0.4318822119865417, 0.8756878374214228, 0), (0.3849598521980884, -0.7865419386263458, 0.48286405020205814, 0), (17.93675741502299, -22.137724645266, 15.913403758892366, 1) ),
        31: ( (0.898226174550254, 0.43951408590166247, 0.004136139122765281, 0), (-0.2143609520314301, 0.4298311237614713, 0.8770944004439487, 0), (0.3837175023334168, -0.7887157747503071, 0.4803002238840073, 0), (17.88002204419307, -22.08937057224526, 15.82913180640189, 1) ),
        33: ( (0.8992156635203008, 0.4374805732288307, 0.004683858144627102, 0), (-0.21261427971189514, 0.42760946355695373, 0.8786041854778102, 0), (0.38236940063548147, -0.791050500741835, 0.4775277444649209, 0), (17.818797311299612, -22.037190333327274, 15.738191574476613, 1) ),
        35: ( (0.9002748759336331, 0.4352900531952401, 0.00526472715026674, 0), (-0.21074056002372996, 0.4252114719559326, 0.8802179391934442, 0), (0.3809114911939076, -0.7935475875499555, 0.47454047474380884, 0), (17.75297616509986, -21.98109269153706, 15.640424054422096, 1) ),
        37: ( (0.9014044994371019, 0.4329380768984843, 0.005877921910838718, 0), (-0.20873770062979877, 0.42263122682132365, 0.8819361759511216, 0), (0.3793395586151441, -0.7962081811228426, 0.4713321881462401, 0), (17.682452298126563, -21.920987043800054, 15.535671342311788, 1) ),
        39: ( (0.9026050854625323, 0.4304201641928211, 0.006522419290397763, 0), (-0.20660375959276084, 0.41986266306007536, 0.8837591474435997, 0), (0.377649237016721, -0.7990330571536616, 0.46789659900063596, 0), (17.607120865171467, -21.85678403328678, 15.423777706187288, 1) ),
        41: ( (0.9038770292957286, 0.42773183114902935, 0.007196980854987212, 0), (-0.20433697665093822, 0.4168995979024539, 0.8856868099062594, 0), (0.37583602260119076, -0.8020225719334031, 0.4642273992610161, 0), (17.52687931784228, -21.788396260683967, 15.304590825668626, 1) ),
        43: ( (0.9052205483900554, 0.4248686227776149, 0.007900136167196675, 0), (-0.2019358080720536, 0.41373576251069305, 0.8877187889404968, 0), (0.37389529040988767, -0.8051766093216745, 0.4603183024935655, 0), (17.441628367185857, -21.715739104613093, 15.17796322178774, 1) ),
        45: ( (0.9066356589332409, 0.42182615161371, 0.008630166015514085, 0), (-0.19939896524786765, 0.41036484078615915, 0.8898543420721339, 0), (0.37182231591012355, -0.8084945239525855, 0.4561630959754578, 0), (17.35127308633508, -21.6387316613875, 15.043753894806398, 1) ),
        47: ( (0.9081221507265824, 0.41860014276444585, 0.009385085897946233, 0), (-0.1967254571342994, 0.4067805162840402, 0.8920923192624127, 0), (0.36961230211537494, -0.8119750809287655, 0.4517557017633508, 0), (17.255724164645525, -21.55729781388027, 14.901830187049605, 1) ),
        48: ( (0.9096795605002039, 0.41518648599923774, 0.010162630159589042, 0), (-0.1939146365602702, 0.4029765281615475, 0.8944311217072917, 0), (0.36726041297130596, -0.8156163924262866, 0.44709024756717247, 0), (17.154899323695187, -21.471367438343773, 14.752069886162559, 1) ),
        50: ( (0.9113071438682306, 0.411581295412748, 0.010960237273540785, 0), (-0.19096625031994308, 0.39894673707017286, 0.8968686594032614, 0), (0.36476181375449507, -0.8194158518404601, 0.4421611482017665, 0), (17.04872490365791, -21.380877756434266, 14.594363581432335, 1) ),
        52: ( (0.913003846225184, 0.4077809771006312, 0.011775036852383514, 0), (-0.18788049282304667, 0.39468520184330214, 0.8994023081260583, 0), (0.3621117192174117, -0.8233700663497346, 0.43696319827262803, 0), (16.937137625738643, -21.285774837289367, 14.428617281623275, 1) ),
        54: ( (0.9147682730004287, 0.4037823051499887, 0.012603839080794405, 0), (-0.18465806290274506, 0.39018626771418496, 0.9020288666624147, 0), (0.3593054501629762, -0.8274747890631085, 0.43149167656878995, 0), (16.820086532375683, -21.18601525111168, 14.254755296858733, 1) ),
        56: ( (0.9165986598210999, 0.3995825060495296, 0.013443127364613644, 0), (-0.1813002231671555, 0.3854446666112821, 0.904744515352515, 0), (0.35633849903385856, -0.8317248522438747, 0.4257424623715628, 0), (16.69753510156294, -21.08156787115042, 14.072723379132293, 1) ),
        58: ( (0.9184928432837529, 0.3951793513597491, 0.014289055091762122, 0), (-0.17780886102866592, 0.38045562980393643, 0.9075447772370127, 0), (0.35320660494421113, -0.8361141034627859, 0.41971216352925245, 0), (16.56946352476253, -20.972415815106704, 13.882492105807941, 1) ),
        60: ( (0.9204482331982724, 0.39057125814084953, 0.015137447488022399, 0), (-0.17418655025491978, 0.37521501279458586, 0.9104244833504036, 0), (0.34990583835150435, -0.8406353469179325, 0.413398255680522, 0), (16.435871129273398, -20.85855850965501, 13.684060477688357, 1) ),
        62: ( (0.9224617873372939, 0.3857573962125401, 0.01598380961494403, 0), (-0.17043661156410703, 0.3697194318647905, 0.9133777439483199, 0), (0.346432695254116, -0.8452802925473292, 0.4067992314275815, 0), (16.296778915609288, -20.740013852984077, 13.477459687912326, 1) ),
        64: ( (0.9245299898923441, 0.3807378008125164, 0.01682334158574364, 0), (-0.1665631704437895, 0.36396641107137034, 0.9163979276840053, 0), (0.34278420039636476, -0.8500395159310388, 0.39991475756009554, 0), (16.152232168424643, -20.616820440020764, 13.262757000096745, 1) ),
        66: ( (0.926648834991388, 0.375513488636155, 0.017650962053318425, 0), (-0.1625712100237692, 0.3579545377565901, 0.9194776509360484, 0), (0.3389580184632176, -0.854902432299599, 0.39274583761985166, 0), (16.002303086064906, -20.489039803527024, 13.04005965414236, 1) ),
        68: ( (0.9288138167551192, 0.3700865745952063, 0.018461340936530263, 0), (-0.15846661650335112, 0.3516836237946167, 0.9226087796074058, 0), (0.3349525716557015, -0.8598572881932639, 0.3852949761963668, 0), (15.847093359390062, -20.356758611963773, 12.8095186966925, 1) ),
        70: ( (0.9310199274422167, 0.36446038595488606, 0.01924894218145526, 0), (-0.15425621435174175, 0.3451548688704522, 0.9257824457338186, 0), (0.33076716136787077, -0.8648911744055646, 0.37756634039067166, 0), (15.686736615836082, -20.220090752500546, 12.571332611422706, 1) ),
        72: ( (0.9332616652350209, 0.35863956983846446, 0.02000807708994365, 0), (-0.14994778830489922, 0.33837102112171763, 0.9289890811239472, 0), (0.3264020909633165, -0.8699900637427578, 0.3695659129352268, 0), (15.521400630783418, -20.079179215707054, 12.325750603699639, 1) ),
        74: ( (0.9355330531244187, 0.3526301894816336, 0.020732968380118042, 0), (-0.14555008911501155, 0.33133652953187687, 0.9322184699717038, 0), (0.321858785914438, -0.8751388767869471, 0.36130163058830106, 0), (15.35128919651996, -19.934197688421424, 12.073075376647498, 1) ),
        76: ( (0.9378276701457758, 0.34643980414393105, 0.021417824671536162, 0), (-0.14107282011356992, 0.32405768162971915, 0.9354598219068395, 0), (0.3171399068773123, -0.8803215782209853, 0.35278350072581827, 0), (15.17664353099548, -19.785351754394796, 11.81366522364317, 1) ),
        78: ( (0.9401386958813646, 0.3400775273186011, 0.022056924521640514, 0), (-0.136526601965792, 0.31654271942464407, 0.9387018662679463, 0), (0.31224945069953514, -0.8855213053293056, 0.344023688640363, 0), (14.997743105883472, -19.63287960002675, 11.547935258278862, 1) ),
        80: ( (0.9424589686729739, 0.3335540579046908, 0.022644708503062494, 0), (-0.13192291355285013, 0.3088019262006062, 0.9419329674953111, 0), (0.3071928339782713, -0.8907205290269837, 0.335036568037414, 0), (14.814905777880778, -19.477052126268582, 11.27635760938821, 1) ),
        81: ( (0.9447810573883078, 0.32688167938714713, 0.023175877141320245, 0), (-0.1272740077312903, 0.30084767691116643, 0.9451412604754752, 0), (0.3019769536839636, -0.8959012462198013, 0.32583872769448474, 0), (14.62848712010358, -19.31817237878954, 10.999460427934448, 1) ),
        83: ( (0.9470973458796548, 0.320074222863067, 0.023645491881485906, 0), (-0.12259280177368491, 0.292694445554153, 0.9483148034777403, 0), (0.29661021961657313, -0.9010452005312225, 0.31644892829437365, 0), (14.438878872752795, -19.15657422751951, 10.717825585704391, 1) ),
        85: ( (0.949400128504075, 0.3131469909726333, 0.02404907568351833, 0), (-0.11789274354812285, 0.28435876411165867, 0.9514417450856287, 0), (0.2911025541199228, -0.9061341265605637, 0.3068880050884717, 0), (14.24650646397125, -18.992620253740366, 10.432084992910596, 1) ),
        87: ( (0.9516817142984587, 0.30611664141457695, 0.024382709427095334, 0), (-0.11318765587150617, 0.2758591294217753, 0.9545105003471537, 0), (0.28546535556571545, -0.9111500110101078, 0.29717871425796993, 0), (14.051825591998252, -18.8266988371457, 10.142915521490458, 1) ),
        89: ( (0.9539345366906954, 0.29900103066766814, 0.024643120102384508, 0), (-0.10849156286705275, 0.2672158566370115, 0.9575099303654311, 0), (0.2797114236054236, -0.9160753624137157, 0.2873455235134297, 0), (13.855317906129061, -18.659220474835518, 9.851032589814102, 1) ),
        91: ( (0.9561512650523478, 0.29181902067873794, 0.024827756823709843, 0), (-0.1038185034494151, 0.2584508805953926, 0.9604295188409142, 0), (0.273854846004811, -0.9208934799908015, 0.2774143504401184, 0), (13.65748587353533, -18.490613406441526, 9.55718253810982, 1) ),
        93: ( (0.9583249140348823, 0.28459025342203564, 0.024934851056643864, 0), (-0.09918233810666637, 0.2495875092617261, 0.9632595387683541, 0), (0.2679108488802392, -0.9255887115116028, 0.26741225509419025, 0), (13.458846967043218, -18.32131866052238, 9.262133995273185, 1) ),
        95: ( (0.9604489465243261, 0.2773349002207849, 0.024963458090568186, 0), (-0.09459655584857485, 0.24065013618379955, 0.9659912026391888, 0), (0.2618956142089816, -0.9301466900840136, 0.25736709615616027, 0), (13.259927351907308, -18.151784673966198, 8.966668501508977, 1) ),
        97: ( (0.9625173662395836, 0.27007339431534305, 0.02491347768186153, 0), (-0.09007408842892638, 0.23166392134337255, 0.968616790140203, 0), (0.2558260703699163, -0.9345545405329758, 0.24730716222601754, 0), (13.061255282087311, -17.98246166380986, 8.671570699482688, 1) ),
        99: ( (0.9645247964746745, 0.26282615622781114, 0.02478565286616291, 0), (-0.08562713870194197, 0.22265445165981995, 0.9711297484238568, 0), (0.24971966302877735, -0.9388010474848114, 0.23726079140518516, 0), (12.863354435911365, -17.813795947399107, 8.377618435439853, 1) ),
        101: ( (0.966466542213882, 0.2556133218817108, 0.024581547098172563, 0), (-0.08126702923814709, 0.2136473935175471, 0.9735247614734639, 0), (0.24359411474817888, -0.9428767792875989, 0.2272559929689332, 0), (12.666737424731787, -17.646224409985564, 8.08557311727993, 1) ),
        103: ( (0.9683386337632962, 0.24845448315474278, 0.02430350101822264, 0), (-0.07700407617342134, 0.2046681499408465, 0.9757977867634613, 0), (0.23746718218337257, -0.9467741643074664, 0.21732008463505662, 0), (12.47189969605095, -17.480169308520356, 7.796170658556858, 1) ),
        105: ( (0.9701378510592412, 0.24136844960047227, 0.023954571163387076, 0), (-0.0728474918018995, 0.19574153441195943, 0.977946059169024, 0), (0.23135641957881717, -0.9504875187205333, 0.20747935771096443, 0), (12.279314025712516, -17.316033577492718, 7.5101132974485605, 1) ),
        107: ( (0.9718617288321562, 0.23437303860791192, 0.023538453752673494, 0), (-0.06880531780722124, 0.18689147194418096, 0.9799680637428878, 0), (0.22527895656900535, -0.9540130274206068, 0.19775878043451964, 0), (12.089425755794053, -17.15419677031039, 7.228062523354936, 1) ),
        109: ( (0.9735085437482165, 0.22748489938678412, 0.02305939722134022, 0), (-0.06488438937761973, 0.1781407359870193, 0.9818634804274455, 0), (0.21925129706416857, -0.9573486818986007, 0.18818174726229941, 0), (11.902648888397396, -16.995011730139282, 6.950633274804559, 1) ),
        111: ( (0.9750772854306344, 0.2207193741243519, 0.022522107436460926, 0), (-0.061090328946856585, 0.1695107273558456, 0.9836331048823322, 0), (0.21328914446448038, -0.960494180720241, 0.1787698790517113, 0), (11.719363096833025, -16.838802042614084, 6.6783895000137745, 1) ),
        112: ( (0.9765676138440559, 0.21409039759194537, 0.021931649501341743, 0), (-0.05742756702400348, 0.16102129881417257, 0.9852787503411918, 0), (0.2074072567115976, -0.9634507994636362, 0.1695428762179342, 0), (11.53991166756678, -16.685860281813248, 6.4118410999546995, 1) ),
        114: ( (0.9779798058787426, 0.20761043458407427, 0.021293349787875185, 0), (-0.053899386613118994, 0.15269062645725642, 0.9868031357443187, 0), (0.2016193329423211, -0.9662212376282683, 0.1605184243007359, 0), (11.364600343278173, -16.536447024227847, 6.151442209890494, 1) ),
        116: ( (0.9793146941036616, 0.20129045296417894, 0.020612701378702986, 0), (-0.05050798710327526, 0.14453512682054578, 0.9882097653604442, 0), (0.19593793188514394, -0.9688094501296138, 0.1517121491118239, 0), (11.193697001793083, -16.390790575124306, 5.8975907224776325, 1) ),
        118: ( (0.9805736005934377, 0.1951399288490075, 0.019895275520229117, 0), (-0.047254563225072, 0.1365694167990735, 0.989502804770946, 0), (0.19037442074404118, -0.9712204706265029, 0.1431376168671449, 0), (11.027432079079826, -16.249087329052895, 5.650628916063641, 1) ),
        120: ( (0.9817582685123724, 0.18916687961735434, 0.019146641048022245, 0), (-0.0441393946844402, 0.12880631208399831, 0.990686957522007, 0), (0.18493895220985668, -0.9734602332006956, 0.13480637348570484, 0), (10.865999627326634, -16.111502671619498, 5.410845026303776, 1) ),
        122: ( (0.9828707938050494, 0.1833779199660508, 0.018372293105565166, 0), (-0.04116194234118312, 0.12125685891518849, 0.9917673460387387, 0), (0.17964046645378443, -0.9755353979405088, 0.12672801654456686, 0), (10.709558890825445, -15.97817232257016, 5.178475586901944, 1) ),
        124: ( (0.9839135589433051, 0.17777833611319854, 0.0175775918812002, 0), (-0.03832094723203208, 0.11393039348417651, 0.9927493996189476, 0), (0.1744867144821039, -0.9774531848888538, 0.11891029316201959, 0), (10.558236281783614, -15.849204019723725, 4.953708364385025, 1) ),
        126: ( (0.9848891702547563, 0.172372173402986, 0.016767711568029947, 0), (-0.03561452927965339, 0.10683462323929602, 0.9936387515498308, 0), (0.1694842990341183, -0.9792212197014772, 0.11135921725328789, 0), (10.412127643703228, -15.724679447990876, 4.736685720016135, 1) ),
        128: ( (0.9858003999421351, 0.16716233292727165, 0.01594759932524567, 0), (-0.03304028312032044, 0.09997572456628669, 0.9944411466692111, 0), (0.1646387292384622, -0.9808473933022193, 0.10407920006892048, 0), (10.271300699908299, -15.604656326189815, 4.527508246717467, 1) ),
        130: ( (0.9866501335199189, 0.1621506732766764, 0.01512194369275005, 0), (-0.030595369074979756, 0.09335845176016822, 0.9951623600579507, 0), (0.15995448545224336, -0.9823397368735854, 0.09707318858903925, 0), (10.135797597535115, -15.48917057522272, 4.326238547789488, 1) ),
        132: ( (0.9874413230608069, 0.1573381141057375, 0.014295151680664267, 0), (-0.028276597844793118, 0.08698625278886292, 0.9958081270204999, 0), (0.15543509103882275, -0.983706312715031, 0.09034280712016271, 0), (10.005637471406123, -15.378238503198418, 4.132905045164128, 1) ),
        134: ( (0.9881769463673516, 0.15272473879113413, 0.013471333611647209, 0), (-0.026080508008772256, 0.08086138800715256, 0.9963840840918534, 0), (0.15108318824442654, -0.9849551208510656, 0.08388849825311344, 0), (9.88081896653133, -15.271858955294366, 3.9475057262053443, 1) ),
        136: ( (0.9888599719650963, 0.14830989404026845, 0.012654294723666847, 0), (-0.024003435824764715, 0.07498504865618161, 0.9968957204977041, 0), (0.14690061577064775, -0.9860940207747914, 0.07770966013572637, 0), (9.761322671679643, -15.170015387825881, 3.7700117584172848, 1) ),
        138: ( (0.9894933296502469, 0.14409228484080586, 0.01184753252892122, 0), (-0.022041577180548375, 0.06935747263552026, 0.9973483392802173, 0), (0.14288848607589666, -0.9871306673581617, 0.07180477775168702, 0), (9.647113428920704, -15.072677836608237, 3.600370919925062, 1) ),
        140: ( (0.9900798862108985, 0.1400700636170794, 0.01105423895714587, 0), (-0.020191041812788788, 0.0639780556383632, 0.9977470271703388, 0), (0.13904726085446117, -0.9880724597290635, 0.0661715465576376, 0), (9.53814249501969, -14.979804759056954, 3.4385108099051838, 1) ),
        142: ( (0.9906224258696886, 0.1362409128629899, 0.010277306374372285, 0), (-0.018447900111721705, 0.05884545627155838, 0.9980966322243857, 0), (0.13537682351688365, -0.9889265017878994, 0.06080698739476606, 0), (9.434349539784266, -14.891344737326637, 3.2843418168326415, 1) ),
        144: ( (0.9911236349587994, 0.13260212085702971, 0.009519336650958866, 0), (-0.016808222969907617, 0.05395769424020088, 0.9984017482320807, 0), (0.13187654782655817, -0.9896995729899548, 0.05570755206299096, 0), (9.335664474061675, -14.807238036265112, 3.1377598336986163, 1) ),
        145: ( (0.9915860903283806, 0.12915065033338985, 0.008782652545735051, 0), (-0.01526811522258564, 0.04931224105643854, 0.9986667049319016, 0), (0.1285453621288084, -0.990398108035579, 0.05086921932484661, 0), (9.242009106084298, -14.727418015073425, 2.998648718265394, 1) ),
        147: ( (0.9920122509997419, 0.12588320019022597, 0.00806931076937245, 0), (-0.013823743275057053, 0.04490610303823487, 0.9988955631254876, 0), (0.12538180884119726, -0.9910281841702521, 0.04628758140065802, 0), (9.153298629435874, -14.651812395460542, 2.866882503218797, 1) ),
        149: ( (0.99240445259904, 0.12279626047021573, 0.007381116184616732, 0), (-0.012471357528583547, 0.04073589660353305, 0.999092113856025, 0), (0.12238409906108767, -0.9915955148862046, 0.04195792123745744, 0), (9.069442949264172, -14.580344391939747, 2.742327366059813, 1) ),
        151: ( (0.9927649041408071, 0.11988616095716152, 0.006719636690161992, 0), (-0.011207310208360485, 0.036797916046086655, 0.999259880898137, 0), (0.11955016229260332, -0.9921054489244674, 0.037875280991611034, 0), (8.990347855683117, -14.512933711888568, 2.6248433720188755, 1) ),
        153: ( (0.9930956867696022, 0.11714911380372482, 0.0060862184165712966, 0), (-0.010028069172193947, 0.03308819411009507, 0.9994021258928814, 0), (0.11687769140554573, -0.99256297359187, 0.03403452227041575, 0), (8.91591605478241, -14.449497434251336, 2.514286005467266, 1) ),
        155: ( (0.9933987541093205, 0.1145812506468316, 0.005482000935582543, 0), (-0.008930228242219116, 0.029602555770185286, 0.9995218555466484, 0), (0.11436418301894893, -0.9929727215246557, 0.030430378741108863, 0), (8.846048068469091, -14.389950776450613, 2.410507506497866, 1) ),
        157: ( (0.9936759339110555, 0.11217865468546627, 0.004907932247984832, 0), (-0.007910514558848593, 0.026336665679260966, 0.9996218303940313, 0), (0.11200697355703412, -0.9933389801441692, 0.02705750174602431, 0), (8.780643014656444, -14.334207759321792, 2.313358029779722, 1) ),
        159: ( (0.9939289307303315, 0.10993738819615372, 0.0043647833701461825, 0), (-0.0069657934095718, 0.02328606977624255, 0.9997045747002218, 0), (0.10980327126017363, -0.9936657031572462, 0.02391049956777495, 0), (8.719599279221027, -14.282181779804507, 2.2226866426502294, 1) ),
        161: ( (0.9941593294019841, 0.10785351594930241, 0.0038531623857449714, 0), (-0.006093070937877631, 0.02044623155516036, 0.9997723871470641, 0), (0.10775018445247944, -0.9939565235524975, 0.020983970975254528, 0), (8.662815090779961, -14.233786100810287, 2.138342178861299, 1) ),
        163: ( (0.9943685991153989, 0.10592312496808132, 0.0033735278678771463, 0), (-0.005289495091039722, 0.017812563490817487, 0.9998273520081193, 0), (0.10584474637392725, -0.994214767632669, 0.01827253365456454, 0), (8.610189008770881, -14.188934267200331, 2.0601739635494747, 1) ),
        165: ( (0.9945580979237929, 0.10414234104509537, 0.0029262016086347366, 0), (-0.00455235512161056, 0.015380454100390474, 0.9998713505719188, 0), (0.10408393688295078, -0.9944434697021814, 0.015770848094921706, 0), (8.56162033465188, -14.147540456240481, 1.98803242401232, 1) ),
        167: ( (0.994729077548889, 0.10250734240104005, 0.0025113806187961815, 0), (-0.0038790799160899024, 0.013145291095402105, 0.9999060726193345, 0), (0.10246470132558391, -0.994645387098283, 0.013473637458600585, 0), (8.517009455273195, -14.10951977024791, 1.921769599735924, 1) ),
        169: ( (0.994882688366526, 0.10101437083784785, 0.0021291483808237657, 0), (-0.003267235386755142, 0.0111024810502121, 0.9999330278010911, 0), (0.10098396685376025, -0.9948230153141632, 0.011375703921745648, 0), (8.476258126707322, -14.074788478492126, 1.8612395639823518, 1) ),
        171: ( (0.9950199844798052, 0.09965974070647507, 0.0017794853543512332, 0), (-0.002714521128620325, 0.00924746598162696, 0.9999535567954949, 0), (0.09963865645847735, -0.9949786030137718, 0.009471941929336536, 0), (8.439269706049679, -14.043264214752613, 1.8062987680950202, 1) ),
        173: ( (0.9951419288044923, 0.09843984597786107, 0.0014622787456067612, 0), (-0.0022187665131395994, 0.007575737201659908, 0.9999688421551003, 0), (0.09842570096491585, -0.995114166781735, 0.007757348764790086, 0), (8.405949337951144, -14.014866136295622, 1.756806318565033, 1) ),
        175: ( (0.9952493981068389, 0.09735116567545347, 0.0011773315613947818, 0), (-0.0017779263634687844, 0.006082846773094828, 0.9999799187748628, 0), (0.09734204921728908, -0.9952315054884293, 0.006227032793667561, 0), (8.376204101932654, -13.98951504942657, 1.7126241958451032, 1) ),
        176: ( (0.9953431879470511, 0.09639026789931673, 0.0009243709748933335, 0), (-0.0013900763325950267, 0.004764416865976174, 0.9999876839340158, 0), (0.09638467666175385, -0.9953322141808862, 0.004876219702188757, 0), (8.349943125865485, -13.9671335062063, 1.6736174229076293, 1) ),
        178: ( (0.995424017492601, 0.09555381264555327, 0.0007030560350992018, 0), (-0.0010534080852000606, 0.003616147283127401, 0.9999929068799602, 0), (0.0955505925167187, -0.9954176974354662, 0.0037002570152281492, 0), (8.32707767038553, -13.947645876395177, 1.6396541906295412, 1) ),
        180: ( (0.9954925341747061, 0.09483855360064936, 0.0005129847546895897, 0), (-0.0007662243664565459, 0.0026338213945587673, 0.9999962379354645, 0), (0.09483684570166828, -0.9954891821289665, 0.002694617145281178, 0), (8.307521188446959, -13.930978398209104, 1.6106059462504123, 1) ),
        182: ( (0.9955493181688505, 0.09424133906844379, 0.0003537006126987166, 0), (-0.0005269340257808887, 0.0018133106944581516, 0.9999982171208395, 0), (0.09424052967842066, -0.9955477296016056, 0.0018548991936864147, 0), (8.291189363710322, -13.917059211036701, 1.5863474503922532, 1) ),
        184: ( (0.9955948866864047, 0.0937591121676452, 0.0002246985090302439, 0), (-0.0003340470506067749, 0.0011505781703840946, 0.9999992822909635, 0), (0.09375878634268373, -0.995594247198832, 0.0011768296980545151, 0), (8.278000131000441, -13.90581837287504, 1.5667568074466947, 1) ),
        186: ( (0.9956296980694218, 0.09338891042010802, 0.00012543020767374902, 0), (-0.00018616965423621596, 0.0006416806523432114, 0.9999997767933752, 0), (0.09338880908894705, -0.9956294991895757, 0.0006562624953118695, 0), (8.267873681658156, -13.897187864890777, 1.5517154735241838, 1) ),
        188: ( (0.9956541556847384, 0.09312786483427901, 0.00005530930475847878, 0), (-0.00008199945251968387, 0.0002827702895440117, 0.9999999566585259, 0), (0.09312784515815195, -0.9956541170669523, 0.00028917784781941, 0), (8.260732456243334, -13.891101585201143, 1.54110824561541, 1) ),
        190: ( (0.995668611616716, 0.09297319857420835, 0.000013715756418716807, 0), (-0.000020320756296382253, 0.00007009528473121304, 0.9999999973368591, 0), (0.09297319736519777, -0.9956686092438247, 0.00007168096053952692, 0), (8.256501126721643, -13.887495333692186, 1.5348232351324016, 1) ),
        192: ( (0.995673370160491, 0.0929222252921766, -2.7755575615628914e-17, 0), (6.029443669615451e-17, -3.473656519747296e-16, 1, 0), (0.0929222252921766, -0.995673370160491, -3.5146542261022014e-16, 0), (8.255106569981507, -13.886306789447957, 1.532751828571891, 1) ),
    }
    uniform token[] xformOpOrder = ["xformOp:transform:anim0"]
}

def Camera "Camera1"
{
    float focalLength = 32
    matrix4d xformOp:transform:anim1.timeSamples = {
        0: ( (0.995673370160491, 0.09292222529217659, -0, 0), (0, 0, 1, 0), (0.09292222529217659, -0.995673370160491, 0, 0), (8.255106569981507, -13.886306789447957, 1.532751828571891, 1) ),
        2: ( (0.9954523355276846, 0.0952609452634084, -0, 0), (0, 0, 1, 0), (0.0952609452634084, -0.9954523355276846, 0, 0), (8.239403394286175, -13.72015594188802, 1.5371339604116072, 1) ),
        4: ( (0.9952265410608129, 0.0975916593164105, -0, 0), (0, 0, 1.0000000000000002, 0), (0.09759165931641053, -0.9952265410608131, 0, 0), (8.22331008605271, -13.554037417177874, 1.5413217501173593, 1) ),
        6: ( (0.9949960960652449, 0.09991380692838264, -0, 0), (0, 0, 1.0000000000000002, 0), (0.09991380692838267, -0.9949960960652451, 0, 0), (8.206828030030685, -13.387952258071948, 1.545316445902586, 1) ),
        9: ( (0.9947611167952862, 0.10222680916567348, -0, 0), (0, 0, 1, 0), (0.10222680916567348, -0.9947611167952862, 0, 0), (8.189958707676938, -13.221901485621661, 1.549119364577669, 1) ),
        11: ( (0.9945217266970393, 0.10453006805479229, -0, 0), (0, 0, 1, 0), (0.10453006805479229, -0.9945217266970393, 0, 0), (8.172703700226975, -13.055886097749195, 1.552731893517831, 1) ),
        13: ( (0.9942780566572339, 0.10682296592921577, -0, 0), (0, 0, 1, 0), (0.10682296592921577, -0.9942780566572339, 0, 0), (8.155064691869146, -12.889907067776216, 1.5561554926800658, 1) ),
        15: ( (0.9940302452579839, 0.10910486475108482, -0, 0), (0, 0, 1.0000000000000002, 0), (0.10910486475108484, -0.9940302452579841, 0, 0), (8.137043473025958, -12.723965342906876, 1.559391696669905, 1) ),
        17: ( (0.9937784390374035, 0.11137510540682659, -0, 0), (0, 0, 1, 0), (0.11137510540682659, -0.9937784390374035, 0, 0), (8.11864194374663, -12.558061842664314, 1.5624421168587075, 1) ),
        19: ( (0.9935227927559878, 0.11363300697571371, -0, 0), (0, 0, 1, 0), (0.11363300697571371, -0.9935227927559878, 0, 0), (8.099862117215382, -12.392197457280174, 1.5653084435521387, 1) ),
        22: ( (0.9932634697915713, 0.11587786491650767, -0, 0), (0, 0, 1.0000000000000002, 0), (0.1158778649165077, -0.9932634697915715, 0, 0), (8.08070613248843, -12.226373124109712, 1.567992446989228, 1) ),
        24: ( (0.993000641878215, 0.11810895490797009, -0, 0), (0, 0, 1, 0), (0.11810895490797009, -0.993000641878215, 0, 0), (8.061176218382434, -12.060589483282408, 1.5704959850258482, 1) ),
        26: ( (0.992734490264868, 0.1203255244682214, -0, 0), (0, 0, 1, 0), (0.1203255244682214, -0.992734490264868, 0, 0), (8.041274762103614, -11.89484743492189, 1.5728209964952322, 1) ),
        28: ( (0.992465205375207, 0.1225267975568948, -0, 0), (0, 0, 1, 0), (0.1225267975568948, -0.992465205375207, 0, 0), (8.021004266935735, -11.729147735017117, 1.5749695101664793, 1) ),
        30: ( (0.9921929872675818, 0.12471197222814057, -0, 0), (0, 0, 1.0000000000000002, 0), (0.1247119722281406, -0.992192987267582, 0, 0), (8.000367368743154, -11.563491101488307, 1.5769436453698473, 1) ),
        32: ( (0.9919180459316825, 0.12688021971557503, -0, 0), (0, 0, 1, 0), (0.12688021971557503, -0.9919180459316825, 0, 0), (7.979366840277121, -11.39787821228434, 1.5787456144806684, 1) ),
        35: ( (0.9916406015890518, 0.12903068348305208, -0, 0), (0, 0, 1, 0), (0.12903068348305208, -0.9916406015890518, 0, 0), (7.958005595634062, -11.232309703430637, 1.5803777254559443, 1) ),
        37: ( (0.9913608849969177, 0.13116247824026628, -0, 0), (0, 0, 1, 0), (0.13116247824026628, -0.9913608849969177, 0, 0), (7.936286694871944, -11.066786167027827, 1.5818423844231964, 1) ),
        39: ( (0.9910791377547438, 0.1332746889222171, -0, 0), (0, 0, 1.0000000000000002, 0), (0.13327468892221714, -0.991079137754744, 0, 0), (7.914213348790739, -10.901308149201263, 1.583142098320835, 1) ),
        41: ( (0.990795612612789, 0.13536636963163398, -0, 0), (0, 0, 1, 0), (0.13536636963163398, -0.990795612612789, 0, 0), (7.891788923883504, -10.735876148002106, 1.5842794775891063, 1) ),
        43: ( (0.9905105737818725, 0.1374365425434804, -0, 0), (0, 0, 1, 0), (0.1374365425434804, -0.9905105737818725, 0, 0), (7.869016947464438, -10.57049061126036, 1.5852572389102833, 1) ),
        45: ( (0.990224297475443, 0.1394841951235531, -0, 0), (0, 0, 1.0000000000000002, 0), (0.13948419512355312, -0.9902242974754433, 0, 0), (7.845901131819964, -10.405152068134099, 1.5860782073949387, 1) ),
        48: ( (0.9899370712205192, 0.1415082860589466, -0, 0), (0, 0, 1, 0), (0.1415082860589466, -0.9899370712205192, 0, 0), (7.822445298806579, -10.239860551135797, 1.586745322090395, 1) ),
        50: ( (0.9896491957659743, 0.14350773261312533, -0, 0), (0, 0, 1, 0), (0.14350773261312533, -0.9896491957659743, 0, 0), (7.7986535149511305, -10.074616517851121, 1.5872616343670751, 1) ),
        52: ( (0.989360984251564, 0.1454814175101982, -0, 0), (0, 0, 1.0000000000000002, 0), (0.14548141751019822, -0.9893609842515643, 0, 0), (7.774530005908328, -9.909420192816846, 1.5876303141962063, 1) ),
        54: ( (0.9890727628072632, 0.1474281854762087, -0, 0), (0, 0, 1.0000000000000002, 0), (0.14742818547620873, -0.9890727628072634, 0, 0), (7.750079186690367, -9.744271738933524, 1.5878546521579897, 1) ),
        56: ( (0.9887848708457541, 0.14934684190348838, -0, 0), (0, 0, 1.0000000000000002, 0), (0.1493468419034884, -0.9887848708457543, 0, 0), (7.725305668003242, -9.579171255058538, 1.5879380624265824, 1) ),
        58: ( (0.9884976613463714, 0.15123615147429004, -0, 0), (0, 0, 1, 0), (0.15123615147429004, -0.9884976613463714, 0, 0), (7.700214262809846, -9.414118773563542, 1.587884085782254, 1) ),
        60: ( (0.9882115011283283, 0.15309483674407798, -0, 0), (0, 0, 1, 0), (0.15309483674407798, -0.9882115011283283, 0, 0), (7.674809993127151, -9.249114257859361, 1.5876963926449141, 1) ),
        63: ( (0.9879267711107794, 0.154921576685205, -0, 0), (0, 0, 1.0000000000000002, 0), (0.15492157668520504, -0.9879267711107796, 0, 0), (7.649098097064957, -9.084157599892325, 1.587378786122332, 1) ),
        65: ( (0.9876438665570029, 0.15671500519201453, -0, 0), (0, 0, 1, 0), (0.15671500519201453, -0.9876438665570029, 0, 0), (7.623084036113379, -8.919248617616235, 1.5869352050653107, 1) ),
        67: ( (0.9873631972996638, 0.15847370954888784, -0, 0), (0, 0, 1, 0), (0.15847370954888784, -0.9873631972996638, 0, 0), (7.596773502686174, -8.754387052444866, 1.5863697271209634, 1) ),
        69: ( (0.9870851879437812, 0.16019622886319843, -0, 0), (0, 0, 1.0000000000000002, 0), (0.16019622886319845, -0.9870851879437814, 0, 0), (7.5701724279268205, -8.589572566690784, 1.5856865717739717, 1) ),
        71: ( (0.9868102783485443, 0.16188105060713165, -0, 0), (0, 0, 1.0000000000000002, 0), (0.16188105060713168, -0.9868102783485445, 0, 0), (7.543287019943456, -8.424804924846043, 1.5848901043147126, 1) ),
        73: ( (0.9865389224639008, 0.16352661698868928, -0, 0), (0, 0, 1, 0), (0.16352661698868928, -0.9865389224639008, 0, 0), (7.516123643079746, -8.260083202787174, 1.5839848348305747, 1) ),
        76: ( (0.9862715905440492, 0.16513131043418597, -0, 0), (0, 0, 1.0000000000000002, 0), (0.165131310434186, -0.9862715905440494, 0, 0), (7.488689032476003, -8.095407045786395, 1.5829754273252994, 1) ),
        78: ( (0.9860087677276804, 0.16669346107193656, -0, 0), (0, 0, 1, 0), (0.16669346107193656, -0.9860087677276804, 0, 0), (7.460990157727418, -7.930775774078744, 1.5818666983711316, 1) ),
        80: ( (0.9857509544600545, 0.16821134260534176, -0, 0), (0, 0, 1, 0), (0.16821134260534176, -0.9857509544600545, 0, 0), (7.4330342703423185, -7.766188616032994, 1.5806636209422043, 1) ),
        82: ( (0.9854986664679285, 0.16968317061492796, -0, 0), (0, 0, 1, 0), (0.16968317061492796, -0.9854986664679285, 0, 0), (7.4048289132428184, -7.601644705669904, 1.5793713270803071, 1) ),
        84: ( (0.9852524346760805, 0.17110710086041395, -0, 0), (0, 0, 1, 0), (0.17110710086041395, -0.9852524346760805, 0, 0), (7.376381930560358, -7.437143080230081, 1.57799511042828, 1) ),
        86: ( (0.9850128050580141, 0.17248122759228834, -0, 0), (0, 0, 1.0000000000000002, 0), (0.17248122759228837, -0.9850128050580144, 0, 0), (7.347701477726655, -7.272682677804999, 1.5765404286042293, 1) ),
        89: ( (0.9847803384127319, 0.17380358188399092, -0, 0), (0, 0, 1, 0), (0.17380358188399092, -0.9847803384127319, 0, 0), (7.318796031858711, -7.10826233504607, 1.5750129053865047, 1) ),
        91: ( (0.984555610058731, 0.175072129997553, -0, 0), (0, 0, 1, 0), (0.175072129997553, -0.984555610058731, 0, 0), (7.289674402434685, -6.943880784968254, 1.5734183326758941, 1) ),
        93: ( (0.9843392094355818, 0.176284771797605, -0, 0), (0, 0, 1, 0), (0.176284771797605, -0.9843392094355818, 0, 0), (7.260345742255124, -6.779536654866312, 1.571762672197576, 1) ),
        95: ( (0.9841317396393412, 0.17743933902729714, -0, 0), (0, 0, 1.0000000000000002, 0), (0.17743933902729717, -0.9841317396393414, 0, 0), (7.230819564042777, -6.615228494100335, 1.5700520572152943, 1) ),
        97: ( (0.9839338168924531, 0.17853359340877206, -0, 0), (0, 0, 1.0000000000000002, 0), (0.1785335934087721, -0.9839338168924533, 0, 0), (7.201105766682723, -6.450954852570808, 1.568292794494949, 1) ),
        99: ( (0.9837460690039551, 0.17956522970571318, -0, 0), (0, 0, 1, 0), (0.17956522970571318, -0.9837460690039551, 0, 0), (7.171214522409038, -6.286713593495293, 1.5664913574761954, 1) ),
        102: ( (0.9835691360088762, 0.1805318661365713, -0, 0), (0, 0, 1, 0), (0.1805318661365713, -0.9835691360088762, 0, 0), (7.1411565200788285, -6.122503168530463, 1.5646544002418579, 1) ),
        104: ( (0.9834036679605987, 0.18143104982786323, -0, 0), (0, 0, 1.0000000000000002, 0), (0.18143104982786326, -0.983403667960599, 0, 0), (7.110942802750709, -5.958321650526418, 1.5627887468694668, 1) ),
        106: ( (0.9832503240540877, 0.18226025416291816, -0, 0), (0, 0, 1, 0), (0.18226025416291816, -0.9832503240540877, 0, 0), (7.08058482785843, -5.7941669977144175, 1.5609013933157059, 1) ),
        108: ( (0.9831097712370528, 0.18301687817857085, -0, 0), (0, 0, 1, 0), (0.18301687817857085, -0.9831097712370528, 0, 0), (7.0500944797284095, -5.63003705307343, 1.558999505831534, 1) ),
        110: ( (0.9829826826193584, 0.18369824623672867, -0, 0), (0, 0, 1.0000000000000002, 0), (0.1836982462367287, -0.9829826826193586, 0, 0), (7.019484082199042, -5.465929544023732, 1.5570904186240362, 1) ),
        112: ( (0.9828697356628527, 0.18430160801803647, -0, 0), (0, 0, 1, 0), (0.18430160801803647, -0.9828697356628527, 0, 0), (6.988766411292392, -5.301842082484587, 1.5551816306713004, 1) ),
        114: ( (0.9827716101329935, 0.18482413889046906, -0, 0), (0, 0, 1, 0), (0.18482413889046906, -0.9827716101329935, 0, 0), (6.957954707879788, -5.137772165335259, 1.5532808015872965, 1) ),
        117: ( (0.982688985792962, 0.1852629407118426, -0, 0), (0, 0, 1, 0), (0.1852629407118426, -0.982688985792962, 0, 0), (6.927062690273361, -4.973717175321013, 1.551395746423954, 1) ),
        119: ( (0.9826225398204295, 0.18561504313187713, -0, 0), (0, 0, 1, 0), (0.18561504313187713, -0.9826225398204295, 0, 0), (6.8961045666646275, -4.809674382448122, 1.5495344292869886, 1) ),
